581
139
216
27444
26628
26895
25902
24903
23948
23036
22421
21607
20792
29749
28755
47606
46792
45965
48451
47441
48908
48301
47296
60704
59878
59069
58340
57530
56708
55987
55167
54940
53942
52944
52586
51582
50663
49948
49131
48505
47584
46771
46549
45550
44556
43812
42987
42170
41451
40640
39919
39594
38686
37966
37064
36346
35529
34615
34386
33389
32565
31843
31716
30718
29902
29079
28367
27944
26943
26123
25507
25526
24655
23833
23607
22608
21609
21388
20444
19731
18809
17995
17574
16656
26717
25706
35624
34711
34390
33393
32572
31754
54375
53374
52449
58094
57820
56822
56201
66085
